Тестирование начато: Sat Apr 12 16:41:44 MSK 2025
Параметры системы:
Доступные ядра процессора: 20
Количество задач: 10000
Итерации прогрева: 2
Тестовые итерации: 4
+------+--------------+-----------------+----------------+------------+-----------------+--------------+
| №    | CorePoolSize | MaximumPoolSize | KeepAliveTime  | QueueSize  | MinSpareThreads | Время (ms)   |
+------+--------------+-----------------+----------------+------------+-----------------+--------------+
| 0    | 20           | 40              | 1000           | 100        | 20              | 1329         |
| 1    | 4            | 8               | 1000           | 100        | 1               | 6577         |
| 2    | 2            | 8               | 1000           | 10000      | 1               | 6745         |
| 3    | 2            | 4               | 1000           | 100        | 1               | 12858        |
| 4    | 20           | 20              | 1000           | 100        | 1               | 2653         |
| 5    | 20           | 40              | 10             | 100        | 1               | 1319         |
| 6    | 20           | 40              | 1000           | 100        | 2               | 1327         |
| 7    | 20           | 40              | 1000           | 1000       | 2               | 1447         |
| 8    | 20           | 40              | 1000           | 100        | 4               | 1327         |
| 9    | 20           | 40              | 1000           | 1000       | 4               | 1398         |
| 10   | 20           | 40              | 500            | 200        | 2               | 1322         |
| 11   | 1            | 2               | 500            | 10         | 0               | 26027        |
| 12   | 20           | 40              | 1000           | 5000       | 2               | 1422         |
| 13   | 2            | 32              | 100            | 50         | 1               | 1664         |
| 14   | 10           | 20              | 2000           | 200        | 1               | 2655         |
| 15   | 20           | 40              | 1000           | 100        | 0               | 1334         |
| 16   | 4            | 16              | 10             | 100        | 2               | 3305         |
| 17   | 20           | 40              | 1000           | 100        | 1               | 1323         |
| 18   | 20           | 80              | 500            | 200        | 10              | 746          |
| 19   | 8            | 16              | 1000           | 100        | 1               | 3331         |
+------+--------------+-----------------+----------------+------------+-----------------+--------------+
Тестирование завершено: Sat Apr 12 16:49:45 MSK 2025
