Тестирование начато: Mon Mar 31 16:23:22 MSK 2025
Параметры системы:
Доступные ядра процессора: 20
Количество задач: 10000
Итерации прогрева: 2
Тестовые итерации: 4
+------+--------------+-----------------+----------------+------------+-----------------+--------------+
| №    | CorePoolSize | MaximumPoolSize | KeepAliveTime  | QueueSize  | MinSpareThreads | Время (ms)   |
+------+--------------+-----------------+----------------+------------+-----------------+--------------+
| 0    | 20           | 40              | 1000           | 100        | 20              | 1323         |
| 1    | 4            | 8               | 1000           | 100        | 1               | 6542         |
| 2    | 2            | 8               | 1000           | 10000      | 1               | 6730         |
| 3    | 2            | 4               | 1000           | 100        | 1               | 13104        |
| 4    | 20           | 20              | 1000           | 100        | 1               | 2613         |
| 5    | 20           | 40              | 10             | 100        | 1               | 1317         |
| 6    | 20           | 40              | 1000           | 100        | 2               | 1313         |
| 7    | 20           | 40              | 1000           | 1000       | 2               | 1409         |
| 8    | 20           | 40              | 1000           | 100        | 4               | 77444        |
| 9    | 20           | 40              | 1000           | 1000       | 4               | 1377         |
| 10   | 20           | 40              | 500            | 200        | 2               | 1293         |
| 11   | 1            | 2               | 500            | 10         | 0               | 25991        |
| 12   | 20           | 40              | 1000           | 5000       | 2               | 1404         |
| 13   | 2            | 32              | 100            | 50         | 1               | 1635         |
| 14   | 10           | 20              | 2000           | 200        | 1               | 2621         |
| 15   | 20           | 40              | 1000           | 100        | 0               | 1310         |
| 16   | 4            | 16              | 10             | 100        | 2               | 3244         |
| 17   | 20           | 40              | 1000           | 100        | 1               | 1306         |
| 18   | 20           | 80              | 500            | 200        | 10              | 738          |
| 19   | 8            | 16              | 1000           | 100        | 1               | 3243         |
+------+--------------+-----------------+----------------+------------+-----------------+--------------+
Тестирование завершено: Mon Mar 31 16:36:44 MSK 2025
