Тестирование начато: Sat Apr 12 16:25:29 MSK 2025
Параметры системы:
Доступные ядра процессора: 20
Количество задач: 10000
Итерации прогрева: 2
Тестовые итерации: 4
+------+--------------+-----------------+----------------+------------+-----------------+--------------+
| №    | CorePoolSize | MaximumPoolSize | KeepAliveTime  | QueueSize  | MinSpareThreads | Время (ms)   |
+------+--------------+-----------------+----------------+------------+-----------------+--------------+
| 0    | 20           | 40              | 1000           | 100        | 20              | 1334         |
| 1    | 4            | 8               | 1000           | 100        | 1               | 6535         |
| 2    | 2            | 8               | 1000           | 10000      | 1               | 6647         |
| 3    | 2            | 4               | 1000           | 100        | 1               | 12839        |
| 4    | 20           | 20              | 1000           | 100        | 1               | 2645         |
| 5    | 20           | 40              | 10             | 100        | 1               | 1328         |
| 6    | 20           | 40              | 1000           | 100        | 2               | 1326         |
| 7    | 20           | 40              | 1000           | 1000       | 2               | 1427         |
| 8    | 20           | 40              | 1000           | 100        | 4               | 1322         |
| 9    | 20           | 40              | 1000           | 1000       | 4               | 1422         |
| 10   | 20           | 40              | 500            | 200        | 2               | 1329         |
| 11   | 1            | 2               | 500            | 10         | 0               | 26493        |
| 12   | 20           | 40              | 1000           | 5000       | 2               | 1418         |
| 13   | 2            | 32              | 100            | 50         | 1               | 1665         |
| 14   | 10           | 20              | 2000           | 200        | 1               | 2662         |
| 15   | 20           | 40              | 1000           | 100        | 0               | 1328         |
| 16   | 4            | 16              | 10             | 100        | 2               | 3306         |
| 17   | 20           | 40              | 1000           | 100        | 1               | 1329         |
| 18   | 20           | 80              | 500            | 200        | 10              | 758          |
| 19   | 8            | 16              | 1000           | 100        | 1               | 3306         |
+------+--------------+-----------------+----------------+------------+-----------------+--------------+
Тестирование завершено: Sat Apr 12 16:33:32 MSK 2025
